50,510794 30,568441 121.000000 2016-10-29 14:39:08 9.6 10 3d
50,510795 30,568442 121.000000 2016-10-29 14:39:09 3.2 0 3d
50,510796 30,568443 121.000000 2016-10-29 14:39:10 3.2 0 3d
50,510797 30,568444 121.000000 2016-10-29 14:39:11 6.4 0 3d
50,510794 30,568442 121.000000 2016-10-29 14:39:12 6.6 0 3d
50,510794 30,568446 121.000000 2016-10-29 14:39:13 3.2 10 3d
50,510794 30,568441 121.000000 2016-10-29 14:39:13 3.2 10 3d
50,510794 30,568441 121.000000 2016-10-29 14:39:13 6.4 11 3d
50,510794 30,568441 121.000000 2016-10-29 14:39:13 6.4 11 3d
50,510794 30,568441 121.000000 2016-10-29 14:39:13 3.2 0 3d
50,510794 30,568441 121.000000 2016-10-29 14:39:13 3.2 0 3d
50,510794 30,568441 121.000000 2016-10-29 14:39:13 3.2 0 3d
50,510794 30,568441 121.000000 2016-10-29 14:39:13 1.2 11 3d
50,510794 30,568441 121.000000 2016-10-29 14:39:13 1.2 11 3d
50,510794 30,568441 121.000000 2016-10-29 14:39:13 1.6 11 3d
50,510794 30,568441 121.000000 2016-10-29 14:39:13 1.6 11 3d